   5.8391351e-02   3.1746793e-01
   9.0294039e-02   4.9091966e-01
   1.0772439e-01   5.8568672e-01
   1.1724763e-01   6.3746363e-01
   1.2245075e-01   6.6575246e-01
   1.2529352e-01   6.8120834e-01
   1.2684670e-01   6.8965281e-01
   1.2769529e-01   6.9426653e-01
   1.2815893e-01   6.9678728e-01
   1.2841224e-01   6.9816451e-01
   1.2855064e-01   6.9891698e-01
   1.2862626e-01   6.9932810e-01
   1.2866757e-01   6.9955272e-01
   1.2869014e-01   6.9967544e-01
   1.2870248e-01   6.9974249e-01
   1.2870921e-01   6.9977912e-01
   1.2871290e-01   6.9979914e-01
   1.2871491e-01   6.9981008e-01
   1.2871601e-01   6.9981605e-01
   1.2871661e-01   6.9981931e-01
   1.2871693e-01   6.9982110e-01
   1.2871711e-01   6.9982207e-01
   1.2871721e-01   6.9982260e-01
   1.2871726e-01   6.9982290e-01
   1.2871729e-01   6.9982305e-01
   1.2871731e-01   6.9982314e-01
   1.2871732e-01   6.9982319e-01
   1.2871732e-01   6.9982321e-01
   1.2871733e-01   6.9982323e-01
   1.2871733e-01   6.9982324e-01
   1.2871733e-01   6.9982324e-01
   1.2871733e-01   6.9982324e-01
   1.2871733e-01   6.9982324e-01
   1.2871733e-01   6.9982325e-01
   1.2871733e-01   6.9982325e-01
   1.2871733e-01   6.9982325e-01
   1.2871733e-01   6.9982325e-01
   1.2871733e-01   6.9982325e-01
   1.2871733e-01   6.9982325e-01
   1.2871733e-01   6.9982325e-01
   1.2871733e-01   6.9982325e-01
   1.2871733e-01   6.9982325e-01
   1.2871733e-01   6.9982325e-01
   1.2871733e-01   6.9982325e-01
   1.2871733e-01   6.9982325e-01
   1.2871733e-01   6.9982325e-01
   1.2871733e-01   6.9982325e-01
   1.2871733e-01   6.9982325e-01
   1.2871733e-01   6.9982325e-01
   1.2871733e-01   6.9982325e-01
   1.2871733e-01   6.9982325e-01
   1.2871733e-01   6.9982325e-01
   1.2871733e-01   6.9982325e-01
   1.2871733e-01   6.9982325e-01
   1.2871733e-01   6.9982325e-01
   1.2871733e-01   6.9982325e-01
   1.2871733e-01   6.9982325e-01
   1.2871733e-01   6.9982325e-01
   1.2871733e-01   6.9982325e-01
   1.2871733e-01   6.9982325e-01
   1.2871733e-01   6.9982325e-01
   1.2871733e-01   6.9982325e-01
   1.2871733e-01   6.9982325e-01
   1.2871733e-01   6.9982325e-01
   1.2871733e-01   6.9982325e-01
   1.2871733e-01   6.9982325e-01
   1.2871733e-01   6.9982325e-01
   1.2871733e-01   6.9982325e-01
   1.2871733e-01   6.9982325e-01
   1.2871733e-01   6.9982325e-01
   1.2871733e-01   6.9982325e-01
   1.2871733e-01   6.9982325e-01
   1.2871733e-01   6.9982325e-01
   1.2871733e-01   6.9982325e-01
   1.2871733e-01   6.9982325e-01
   1.2871733e-01   6.9982325e-01
   1.2871733e-01   6.9982325e-01
   1.2871733e-01   6.9982325e-01
   1.2871733e-01   6.9982325e-01
   1.2871733e-01   6.9982325e-01
   1.2871733e-01   6.9982325e-01
   1.2871733e-01   6.9982325e-01
   1.2871733e-01   6.9982325e-01
   1.2871733e-01   6.9982325e-01
   1.2871733e-01   6.9982325e-01
   1.2871733e-01   6.9982325e-01
   1.2871733e-01   6.9982325e-01
   1.2871733e-01   6.9982325e-01
   1.2871733e-01   6.9982325e-01
   1.2871733e-01   6.9982325e-01
   1.2871733e-01   6.9982325e-01
   1.2871733e-01   6.9982325e-01
   1.2871733e-01   6.9982325e-01
   1.2871733e-01   6.9982325e-01
   1.2871733e-01   6.9982325e-01
   1.2871733e-01   6.9982325e-01
   1.2871733e-01   6.9982325e-01
   1.2871733e-01   6.9982325e-01
   1.2871733e-01   6.9982325e-01
   1.2871733e-01   6.9982325e-01
   1.2871733e-01   6.9982325e-01
   1.2871733e-01   6.9982325e-01
   1.2871733e-01   6.9982325e-01
   1.2871733e-01   6.9982325e-01
   1.2871733e-01   6.9982325e-01
   1.2871733e-01   6.9982325e-01
   1.2871733e-01   6.9982325e-01
   1.2871733e-01   6.9982325e-01
   1.2871733e-01   6.9982325e-01
   1.2871733e-01   6.9982325e-01
   1.2871733e-01   6.9982325e-01
   1.2871733e-01   6.9982325e-01
   1.2871733e-01   6.9982325e-01
   1.2871733e-01   6.9982325e-01
   1.2871733e-01   6.9982325e-01
   1.2871733e-01   6.9982325e-01
   1.2871733e-01   6.9982325e-01
   1.2871733e-01   6.9982325e-01
   1.2871733e-01   6.9982325e-01
   1.2871733e-01   6.9982325e-01
   1.2871733e-01   6.9982325e-01
   1.2871733e-01   6.9982325e-01
   1.2871733e-01   6.9982325e-01
   1.2871733e-01   6.9982325e-01
   1.2871733e-01   6.9982325e-01
   1.2871733e-01   6.9982325e-01
   1.2871733e-01   6.9982325e-01
   1.2871733e-01   6.9982325e-01
   1.2871733e-01   6.9982325e-01
   1.2871733e-01   6.9982325e-01
   1.2871733e-01   6.9982325e-01
   1.2871733e-01   6.9982325e-01
   1.2871733e-01   6.9982325e-01
   1.2871733e-01   6.9982325e-01
   1.2871733e-01   6.9982325e-01
   1.2871733e-01   6.9982325e-01
   1.2871733e-01   6.9982325e-01
   1.2871733e-01   6.9982325e-01
   1.2871733e-01   6.9982325e-01
   1.2871733e-01   6.9982325e-01
   1.2871733e-01   6.9982325e-01
   1.2871733e-01   6.9982325e-01
   1.2871733e-01   6.9982325e-01
   1.2871733e-01   6.9982325e-01
   1.2871733e-01   6.9982325e-01
   1.2871733e-01   6.9982325e-01
   1.2871733e-01   6.9982325e-01
   1.2871733e-01   6.9982325e-01
   1.2871733e-01   6.9982325e-01
   1.2871733e-01   6.9982325e-01
   1.2871733e-01   6.9982325e-01
   1.2871733e-01   6.9982325e-01
   1.2871733e-01   6.9982325e-01
   1.2871733e-01   6.9982325e-01
   1.2871733e-01   6.9982325e-01
   1.2871733e-01   6.9982325e-01
   1.2871733e-01   6.9982325e-01
   1.2871733e-01   6.9982325e-01
   1.2871733e-01   6.9982325e-01
   1.2871733e-01   6.9982325e-01
   1.2871733e-01   6.9982325e-01
   1.2871733e-01   6.9982325e-01
   1.2871733e-01   6.9982325e-01
   1.2871733e-01   6.9982325e-01
   1.2871733e-01   6.9982325e-01
   1.2871733e-01   6.9982325e-01
   1.2871733e-01   6.9982325e-01
   1.2871733e-01   6.9982325e-01
   1.2871733e-01   6.9982325e-01
   1.2871733e-01   6.9982325e-01
   1.2871733e-01   6.9982325e-01
   1.2871733e-01   6.9982325e-01
   1.2871733e-01   6.9982325e-01
   1.2871733e-01   6.9982325e-01
   1.2871733e-01   6.9982325e-01
   1.2871733e-01   6.9982325e-01
   1.2871733e-01   6.9982325e-01
   1.2871733e-01   6.9982325e-01
   1.2871733e-01   6.9982325e-01
   1.2871733e-01   6.9982325e-01
   1.2871733e-01   6.9982325e-01
   1.2871733e-01   6.9982325e-01
   1.2871733e-01   6.9982325e-01
   1.2871733e-01   6.9982325e-01
   1.2871733e-01   6.9982325e-01
   1.2871733e-01   6.9982325e-01
   1.2871733e-01   6.9982325e-01
   1.2871733e-01   6.9982325e-01
   1.2871733e-01   6.9982325e-01
   1.2871733e-01   6.9982325e-01
   1.2871733e-01   6.9982325e-01
   1.2871733e-01   6.9982325e-01
   1.2871733e-01   6.9982325e-01
   1.2871733e-01   6.9982325e-01
   1.2871733e-01   6.9982325e-01
   1.2871733e-01   6.9982325e-01
   1.2871733e-01   6.9982325e-01
   1.2871733e-01   6.9982325e-01
   1.2871733e-01   6.9982325e-01
   1.2871733e-01   6.9982325e-01
   1.2871733e-01   6.9982325e-01
   1.2871733e-01   6.9982325e-01
   1.2871733e-01   6.9982325e-01
   1.2871733e-01   6.9982325e-01
   1.2871733e-01   6.9982325e-01
   1.2871733e-01   6.9982325e-01
   1.2871733e-01   6.9982325e-01
   1.2871733e-01   6.9982325e-01
   1.2871733e-01   6.9982325e-01
   1.2871733e-01   6.9982325e-01
   1.2871733e-01   6.9982325e-01
   1.2871733e-01   6.9982325e-01
   1.2871733e-01   6.9982325e-01
   1.2871733e-01   6.9982325e-01
   1.2871733e-01   6.9982325e-01
   1.2871733e-01   6.9982325e-01
   1.2871733e-01   6.9982325e-01
   1.2871733e-01   6.9982325e-01
   1.2871733e-01   6.9982325e-01
   1.2871733e-01   6.9982325e-01
   1.2871733e-01   6.9982325e-01
   1.2871733e-01   6.9982325e-01
   1.2871733e-01   6.9982325e-01
   1.2871733e-01   6.9982325e-01
   1.2871733e-01   6.9982325e-01
   1.2871733e-01   6.9982325e-01
   1.2871733e-01   6.9982325e-01
   1.2871733e-01   6.9982325e-01
   1.2871733e-01   6.9982325e-01
   1.2871733e-01   6.9982325e-01
   1.2871733e-01   6.9982325e-01
   1.2871733e-01   6.9982325e-01
   1.2871733e-01   6.9982325e-01
   1.2871733e-01   6.9982325e-01
   1.2871733e-01   6.9982325e-01
   1.2871733e-01   6.9982325e-01
   1.2871733e-01   6.9982325e-01
   1.2871733e-01   6.9982325e-01
   1.2871733e-01   6.9982325e-01
   1.2871733e-01   6.9982325e-01
   1.2871733e-01   6.9982325e-01
   1.2871733e-01   6.9982325e-01
   1.2871733e-01   6.9982325e-01
   1.2871733e-01   6.9982325e-01
   1.2871733e-01   6.9982325e-01
   1.2871733e-01   6.9982325e-01
   1.2871733e-01   6.9982325e-01
   1.2871733e-01   6.9982325e-01
   1.2871733e-01   6.9982325e-01
   1.2871733e-01   6.9982325e-01
   1.2871733e-01   6.9982325e-01
   1.2871733e-01   6.9982325e-01
   1.2871733e-01   6.9982325e-01
   1.2871733e-01   6.9982325e-01
   1.2871733e-01   6.9982325e-01
   1.2871733e-01   6.9982325e-01
   1.2871733e-01   6.9982325e-01
   1.2871733e-01   6.9982325e-01
   1.2871733e-01   6.9982325e-01
   1.2871733e-01   6.9982325e-01
   1.2871733e-01   6.9982325e-01
   1.2871733e-01   6.9982325e-01
   1.2871733e-01   6.9982325e-01
   1.2871733e-01   6.9982325e-01
   1.2871733e-01   6.9982325e-01
   1.2871733e-01   6.9982325e-01
   1.2871733e-01   6.9982325e-01
   1.2871733e-01   6.9982325e-01
   1.2871733e-01   6.9982325e-01
   1.2871733e-01   6.9982325e-01
   1.2871733e-01   6.9982325e-01
   1.2871733e-01   6.9982325e-01
   1.2871733e-01   6.9982325e-01
   1.2871733e-01   6.9982325e-01
   1.2871733e-01   6.9982325e-01
   1.2871733e-01   6.9982325e-01
   1.2871733e-01   6.9982325e-01
   1.2871733e-01   6.9982325e-01
   1.2871733e-01   6.9982325e-01
   1.2871733e-01   6.9982325e-01
   1.2871733e-01   6.9982325e-01
   1.2871733e-01   6.9982325e-01
   1.2871733e-01   6.9982325e-01
   1.2871733e-01   6.9982325e-01
   1.2871733e-01   6.9982325e-01
   1.2871733e-01   6.9982325e-01
   1.2871733e-01   6.9982325e-01
   1.2871733e-01   6.9982325e-01
   1.2871733e-01   6.9982325e-01
   1.2871733e-01   6.9982325e-01
   1.2871733e-01   6.9982325e-01
   1.2871733e-01   6.9982325e-01
   1.2871733e-01   6.9982325e-01
   1.2871733e-01   6.9982325e-01
   1.2871733e-01   6.9982325e-01
   1.2871733e-01   6.9982325e-01
   1.2871733e-01   6.9982325e-01
   1.2871733e-01   6.9982325e-01
   1.2871733e-01   6.9982325e-01
   1.2871733e-01   6.9982325e-01
   1.2871733e-01   6.9982325e-01
   1.2871733e-01   6.9982325e-01
   1.2871733e-01   6.9982325e-01
   1.2871733e-01   6.9982325e-01
   1.2871733e-01   6.9982325e-01
   1.2871733e-01   6.9982325e-01
   1.2871733e-01   6.9982325e-01
   1.2871733e-01   6.9982325e-01
   1.2871733e-01   6.9982325e-01
   1.2871733e-01   6.9982325e-01
   1.2871733e-01   6.9982325e-01
   1.2871733e-01   6.9982325e-01
   1.2871733e-01   6.9982325e-01
   1.2871733e-01   6.9982325e-01
   1.2871733e-01   6.9982325e-01
   1.2871733e-01   6.9982325e-01
   1.2871733e-01   6.9982325e-01
   1.2871733e-01   6.9982325e-01
   1.2871733e-01   6.9982325e-01
   1.2871733e-01   6.9982325e-01
   1.2871733e-01   6.9982325e-01
   1.2871733e-01   6.9982325e-01
   1.2871733e-01   6.9982325e-01
   1.2871733e-01   6.9982325e-01
   1.2871733e-01   6.9982325e-01
   1.2871733e-01   6.9982325e-01
   1.2871733e-01   6.9982325e-01
   1.2871733e-01   6.9982325e-01
   1.2871733e-01   6.9982325e-01
   1.2871733e-01   6.9982325e-01
   1.2871733e-01   6.9982325e-01
   1.2871733e-01   6.9982325e-01
   1.2871733e-01   6.9982325e-01
   1.2871733e-01   6.9982325e-01
   1.2871733e-01   6.9982325e-01
   1.2871733e-01   6.9982325e-01
   1.2871733e-01   6.9982325e-01
   1.2871733e-01   6.9982325e-01
   1.2871733e-01   6.9982325e-01
   1.2871733e-01   6.9982325e-01
   1.2871733e-01   6.9982325e-01
   1.2871733e-01   6.9982325e-01
   1.2871733e-01   6.9982325e-01
   1.2871733e-01   6.9982325e-01
   1.2871733e-01   6.9982325e-01
   1.2871733e-01   6.9982325e-01
   1.2871733e-01   6.9982325e-01
   1.2871733e-01   6.9982325e-01
   1.2871733e-01   6.9982325e-01
   1.2871733e-01   6.9982325e-01
   1.2871733e-01   6.9982325e-01
   1.2871733e-01   6.9982325e-01
   1.2871733e-01   6.9982325e-01
   1.2871733e-01   6.9982325e-01
   1.2871733e-01   6.9982325e-01
   1.2871733e-01   6.9982325e-01
   1.2871733e-01   6.9982325e-01
   1.2871733e-01   6.9982325e-01
   1.2871733e-01   6.9982325e-01
   1.2871733e-01   6.9982325e-01
   1.2871733e-01   6.9982325e-01
   1.2871733e-01   6.9982325e-01
   1.2871733e-01   6.9982325e-01
   1.2871733e-01   6.9982325e-01
   1.2871733e-01   6.9982325e-01
   1.2871733e-01   6.9982325e-01
   1.2871733e-01   6.9982325e-01
   1.2871733e-01   6.9982325e-01
   1.2871733e-01   6.9982325e-01
   1.2871733e-01   6.9982325e-01
   1.2871733e-01   6.9982325e-01
   1.2871733e-01   6.9982325e-01
   1.2871733e-01   6.9982325e-01
   1.2871733e-01   6.9982325e-01
   1.2871733e-01   6.9982325e-01
   1.2871733e-01   6.9982325e-01
   1.2871733e-01   6.9982325e-01
   1.2871733e-01   6.9982325e-01
   1.2871733e-01   6.9982325e-01
   1.2871733e-01   6.9982325e-01
   1.2871733e-01   6.9982325e-01
   1.2871733e-01   6.9982325e-01
   1.2871733e-01   6.9982325e-01
   1.2871733e-01   6.9982325e-01
   1.2871733e-01   6.9982325e-01
   1.2871733e-01   6.9982325e-01
   1.2871733e-01   6.9982325e-01
   1.2871733e-01   6.9982325e-01
   1.2871733e-01   6.9982325e-01
   1.2871733e-01   6.9982325e-01
   1.2871733e-01   6.9982325e-01
   1.2871733e-01   6.9982325e-01
   1.2871733e-01   6.9982325e-01
   1.2871733e-01   6.9982325e-01
   1.2871733e-01   6.9982325e-01
   1.2871733e-01   6.9982325e-01
   1.2871733e-01   6.9982325e-01
   1.2871733e-01   6.9982325e-01
   1.2871733e-01   6.9982325e-01
   1.2871733e-01   6.9982325e-01
   1.2871733e-01   6.9982325e-01
   1.2871733e-01   6.9982325e-01
   1.2871733e-01   6.9982325e-01
   1.2871733e-01   6.9982325e-01
   1.2871733e-01   6.9982325e-01
   1.2871733e-01   6.9982325e-01
   1.2871733e-01   6.9982325e-01
   1.2871733e-01   6.9982325e-01
   1.2871733e-01   6.9982325e-01
   1.2871733e-01   6.9982325e-01
   1.2871733e-01   6.9982325e-01
   1.2871733e-01   6.9982325e-01
   1.2871733e-01   6.9982325e-01
   1.2871733e-01   6.9982325e-01
   1.2871733e-01   6.9982325e-01
   1.2871733e-01   6.9982325e-01
   1.2871733e-01   6.9982325e-01
   1.2871733e-01   6.9982325e-01
   1.2871733e-01   6.9982325e-01
   1.2871733e-01   6.9982325e-01
   1.2871733e-01   6.9982325e-01
   1.2871733e-01   6.9982325e-01
   1.2871733e-01   6.9982325e-01
   1.2871733e-01   6.9982325e-01
   1.2871733e-01   6.9982325e-01
   1.2871733e-01   6.9982325e-01
   1.2871733e-01   6.9982325e-01
   1.2871733e-01   6.9982325e-01
   1.2871733e-01   6.9982325e-01
   1.2871733e-01   6.9982325e-01
   1.2871733e-01   6.9982325e-01
   1.2871733e-01   6.9982325e-01
   1.2871733e-01   6.9982325e-01
   1.2871733e-01   6.9982325e-01
   1.2871733e-01   6.9982325e-01
   1.2871733e-01   6.9982325e-01
   1.2871733e-01   6.9982325e-01
   1.2871733e-01   6.9982325e-01
   1.2871733e-01   6.9982325e-01
   1.2871733e-01   6.9982325e-01
   1.2871733e-01   6.9982325e-01
   1.2871733e-01   6.9982325e-01
   1.2871733e-01   6.9982325e-01
   1.2871733e-01   6.9982325e-01
   1.2871733e-01   6.9982325e-01
   1.2871733e-01   6.9982325e-01
   1.2871733e-01   6.9982325e-01
   1.2871733e-01   6.9982325e-01
   1.2871733e-01   6.9982325e-01
   1.2871733e-01   6.9982325e-01
   1.2871733e-01   6.9982325e-01
   1.2871733e-01   6.9982325e-01
   1.2871733e-01   6.9982325e-01
   1.2871733e-01   6.9982325e-01
   1.2871733e-01   6.9982325e-01
   1.2871733e-01   6.9982325e-01
   1.2871733e-01   6.9982325e-01
   1.2871733e-01   6.9982325e-01
   1.2871733e-01   6.9982325e-01
   1.2871733e-01   6.9982325e-01
   1.2871733e-01   6.9982325e-01
   1.2871733e-01   6.9982325e-01
   1.2871733e-01   6.9982325e-01
   1.2871733e-01   6.9982325e-01
   1.2871733e-01   6.9982325e-01
   1.2871733e-01   6.9982325e-01
   1.2871733e-01   6.9982325e-01
   1.2871733e-01   6.9982325e-01
   1.2871733e-01   6.9982325e-01
   1.2871733e-01   6.9982325e-01
   1.2871733e-01   6.9982325e-01
   1.2871733e-01   6.9982325e-01
   1.2871733e-01   6.9982325e-01
   1.2871733e-01   6.9982325e-01
   1.2871733e-01   6.9982325e-01
   1.2871733e-01   6.9982325e-01
   1.2871733e-01   6.9982325e-01
   1.2871733e-01   6.9982325e-01
   1.2871733e-01   6.9982325e-01
   1.2871733e-01   6.9982325e-01
   1.2871733e-01   6.9982325e-01
   1.2871733e-01   6.9982325e-01
   1.2871733e-01   6.9982325e-01
   1.2871733e-01   6.9982325e-01
   1.2871733e-01   6.9982325e-01
   1.2871733e-01   6.9982325e-01
   1.2871733e-01   6.9982325e-01
   1.2871733e-01   6.9982325e-01
   1.2871733e-01   6.9982325e-01
   1.2871733e-01   6.9982325e-01
   1.2871733e-01   6.9982325e-01
   1.2871733e-01   6.9982325e-01
   1.2871733e-01   6.9982325e-01
   1.2871733e-01   6.9982325e-01
   1.2871733e-01   6.9982325e-01
   1.2871733e-01   6.9982325e-01
   1.2871733e-01   6.9982325e-01
   1.2871733e-01   6.9982325e-01
   1.2871733e-01   6.9982325e-01
   1.2871733e-01   6.9982325e-01
   1.2871733e-01   6.9982325e-01
   1.2871733e-01   6.9982325e-01
   1.2871733e-01   6.9982325e-01
   1.2871733e-01   6.9982325e-01
   1.2871733e-01   6.9982325e-01
   1.2871733e-01   6.9982325e-01
   1.2871733e-01   6.9982325e-01
   1.2871733e-01   6.9982325e-01
   1.2871733e-01   6.9982325e-01
   1.2871733e-01   6.9982325e-01
   1.2871733e-01   6.9982325e-01
   1.2871733e-01   6.9982325e-01
   1.2871733e-01   6.9982325e-01
   1.2871733e-01   6.9982325e-01
   1.2871733e-01   6.9982325e-01
   1.2871733e-01   6.9982325e-01
   1.2871733e-01   6.9982325e-01
   1.2871733e-01   6.9982325e-01
   1.2871733e-01   6.9982325e-01
   1.2871733e-01   6.9982325e-01
   1.2871733e-01   6.9982325e-01
   1.2871733e-01   6.9982325e-01
   1.2871733e-01   6.9982325e-01
   1.2871733e-01   6.9982325e-01
   1.2871733e-01   6.9982325e-01
   1.2871733e-01   6.9982325e-01
   1.2871733e-01   6.9982325e-01
   1.2871733e-01   6.9982325e-01
   1.2871733e-01   6.9982325e-01
   1.2871733e-01   6.9982325e-01
   1.2871733e-01   6.9982325e-01
   1.2871733e-01   6.9982325e-01
   1.2871733e-01   6.9982325e-01
   1.2871733e-01   6.9982325e-01
   1.2871733e-01   6.9982325e-01
   1.2871733e-01   6.9982325e-01
   1.2871733e-01   6.9982325e-01
   1.2871733e-01   6.9982325e-01
   1.2871733e-01   6.9982325e-01
   1.2871733e-01   6.9982325e-01
   1.2871733e-01   6.9982325e-01
   1.2871733e-01   6.9982325e-01
   1.2871733e-01   6.9982325e-01
   1.2871733e-01   6.9982325e-01
   1.2871733e-01   6.9982325e-01
   1.2871733e-01   6.9982325e-01
   1.2871733e-01   6.9982325e-01
   1.2871733e-01   6.9982325e-01
   1.2871733e-01   6.9982325e-01
   1.2871733e-01   6.9982325e-01
   1.2871733e-01   6.9982325e-01
   1.2871733e-01   6.9982325e-01
   1.2871733e-01   6.9982325e-01
   1.2871733e-01   6.9982325e-01
   1.2871733e-01   6.9982325e-01
   1.2871733e-01   6.9982325e-01
   1.2871733e-01   6.9982325e-01
   1.2871733e-01   6.9982325e-01
   1.2871733e-01   6.9982325e-01
   1.2871733e-01   6.9982325e-01
   1.2871733e-01   6.9982325e-01
   1.2871733e-01   6.9982325e-01
   1.2871733e-01   6.9982325e-01
   1.2871733e-01   6.9982325e-01
   1.2871733e-01   6.9982325e-01
   1.2871733e-01   6.9982325e-01
   1.2871733e-01   6.9982325e-01
   1.2871733e-01   6.9982325e-01
   1.2871733e-01   6.9982325e-01
   1.2871733e-01   6.9982325e-01
   1.2871733e-01   6.9982325e-01
   1.2871733e-01   6.9982325e-01
   1.2871733e-01   6.9982325e-01
   1.2871733e-01   6.9982325e-01
   1.2871733e-01   6.9982325e-01
   1.2871733e-01   6.9982325e-01
   1.2871733e-01   6.9982325e-01
   1.2871733e-01   6.9982325e-01
   1.2871733e-01   6.9982325e-01
   1.2871733e-01   6.9982325e-01
   1.2871733e-01   6.9982325e-01
   1.2871733e-01   6.9982325e-01
   1.2871733e-01   6.9982325e-01
   1.2871733e-01   6.9982325e-01
   1.2871733e-01   6.9982325e-01
   1.2871733e-01   6.9982325e-01
   1.2871733e-01   6.9982325e-01
   1.2871733e-01   6.9982325e-01
   1.2871733e-01   6.9982325e-01
   1.2871733e-01   6.9982325e-01
   1.2871733e-01   6.9982325e-01
   1.2871733e-01   6.9982325e-01
   1.2871733e-01   6.9982325e-01
   1.2871733e-01   6.9982325e-01
   1.2871733e-01   6.9982325e-01
   1.2871733e-01   6.9982325e-01
   1.2871733e-01   6.9982325e-01
   1.2871733e-01   6.9982325e-01
   1.2871733e-01   6.9982325e-01
   1.2871733e-01   6.9982325e-01
   1.2871733e-01   6.9982325e-01
   1.2871733e-01   6.9982325e-01
   1.2871733e-01   6.9982325e-01
   1.2871733e-01   6.9982325e-01
   1.2871733e-01   6.9982325e-01
   1.2871733e-01   6.9982325e-01
   1.2871733e-01   6.9982325e-01
   1.2871733e-01   6.9982325e-01
   1.2871733e-01   6.9982325e-01
   1.2871733e-01   6.9982325e-01
   1.2871733e-01   6.9982325e-01
   1.2871733e-01   6.9982325e-01
   1.2871733e-01   6.9982325e-01
   1.2871733e-01   6.9982325e-01
   1.2871733e-01   6.9982325e-01
   1.2871733e-01   6.9982325e-01
   1.2871733e-01   6.9982325e-01
   1.2871733e-01   6.9982325e-01
   1.2871733e-01   6.9982325e-01
   1.2871733e-01   6.9982325e-01
   1.2871733e-01   6.9982325e-01
   1.2871733e-01   6.9982325e-01
   1.2871733e-01   6.9982325e-01
   1.2871733e-01   6.9982325e-01
   1.2871733e-01   6.9982325e-01
   1.2871733e-01   6.9982325e-01
   1.2871733e-01   6.9982325e-01
   1.2871733e-01   6.9982325e-01
   1.2871733e-01   6.9982325e-01
   1.2871733e-01   6.9982325e-01
   1.2871733e-01   6.9982325e-01
   1.2871733e-01   6.9982325e-01
   1.2871733e-01   6.9982325e-01
   1.2871733e-01   6.9982325e-01
   1.2871733e-01   6.9982325e-01
   1.2871733e-01   6.9982325e-01
   1.2871733e-01   6.9982325e-01
   1.2871733e-01   6.9982325e-01
   1.2871733e-01   6.9982325e-01
   1.2871733e-01   6.9982325e-01
   1.2871733e-01   6.9982325e-01
   1.2871733e-01   6.9982325e-01
   1.2871733e-01   6.9982325e-01
   1.2871733e-01   6.9982325e-01
   1.2871733e-01   6.9982325e-01
   1.2871733e-01   6.9982325e-01
   1.2871733e-01   6.9982325e-01
   1.2871733e-01   6.9982325e-01
   1.2871733e-01   6.9982325e-01
   1.2871733e-01   6.9982325e-01
   1.2871733e-01   6.9982325e-01
   1.2871733e-01   6.9982325e-01
   1.2871733e-01   6.9982325e-01
   1.2871733e-01   6.9982325e-01
   1.2871733e-01   6.9982325e-01
   1.2871733e-01   6.9982325e-01
   1.2871733e-01   6.9982325e-01
   1.2871733e-01   6.9982325e-01
   1.2871733e-01   6.9982325e-01
   1.2871733e-01   6.9982325e-01
   1.2871733e-01   6.9982325e-01
   1.2871733e-01   6.9982325e-01
   1.2871733e-01   6.9982325e-01
   1.2871733e-01   6.9982325e-01
   1.2871733e-01   6.9982325e-01
   1.2871733e-01   6.9982325e-01
   1.2871733e-01   6.9982325e-01
   1.2871733e-01   6.9982325e-01
   1.2871733e-01   6.9982325e-01
   1.2871733e-01   6.9982325e-01
   1.2871733e-01   6.9982325e-01
   1.2871733e-01   6.9982325e-01
   1.2871733e-01   6.9982325e-01
   1.2871733e-01   6.9982325e-01
   1.2871733e-01   6.9982325e-01
   1.2871733e-01   6.9982325e-01
   1.2871733e-01   6.9982325e-01
   1.2871733e-01   6.9982325e-01
   1.2871733e-01   6.9982325e-01
   1.2871733e-01   6.9982325e-01
   1.2871733e-01   6.9982325e-01
   1.2871733e-01   6.9982325e-01
   1.2871733e-01   6.9982325e-01
   1.2871733e-01   6.9982325e-01
   1.2871733e-01   6.9982325e-01
   1.2871733e-01   6.9982325e-01
   1.2871733e-01   6.9982325e-01
   1.2871733e-01   6.9982325e-01
   1.2871733e-01   6.9982325e-01
   1.2871733e-01   6.9982325e-01
   1.2871733e-01   6.9982325e-01
   1.2871733e-01   6.9982325e-01
   1.2871733e-01   6.9982325e-01
   1.2871733e-01   6.9982325e-01
   1.2871733e-01   6.9982325e-01
   1.2871733e-01   6.9982325e-01
   1.2871733e-01   6.9982325e-01
   1.2871733e-01   6.9982325e-01
   1.2871733e-01   6.9982325e-01
   1.2871733e-01   6.9982325e-01
   1.2871733e-01   6.9982325e-01
   1.2871733e-01   6.9982325e-01
   1.2871733e-01   6.9982325e-01
   1.2871733e-01   6.9982325e-01
   1.2871733e-01   6.9982325e-01
   1.2871733e-01   6.9982325e-01
   1.2871733e-01   6.9982325e-01
   1.2871733e-01   6.9982325e-01
   1.2871733e-01   6.9982325e-01
   1.2871733e-01   6.9982325e-01
   1.2871733e-01   6.9982325e-01
   1.2871733e-01   6.9982325e-01
   1.2871733e-01   6.9982325e-01
   1.2871733e-01   6.9982325e-01
   1.2871733e-01   6.9982325e-01
   1.2871733e-01   6.9982325e-01
   1.2871733e-01   6.9982325e-01
   1.2871733e-01   6.9982325e-01
   1.2871733e-01   6.9982325e-01
   1.2871733e-01   6.9982325e-01
   1.2871733e-01   6.9982325e-01
   1.2871733e-01   6.9982325e-01
   1.2871733e-01   6.9982325e-01
   1.2871733e-01   6.9982325e-01
   1.2871733e-01   6.9982325e-01
   1.2871733e-01   6.9982325e-01
   1.2871733e-01   6.9982325e-01
   1.2871733e-01   6.9982325e-01
   1.2871733e-01   6.9982325e-01
   1.2871733e-01   6.9982325e-01
   1.2871733e-01   6.9982325e-01
   1.2871733e-01   6.9982325e-01
   1.2871733e-01   6.9982325e-01
   1.2871733e-01   6.9982325e-01
   1.2871733e-01   6.9982325e-01
   1.2871733e-01   6.9982325e-01
   1.2871733e-01   6.9982325e-01
   1.2871733e-01   6.9982325e-01
   1.2871733e-01   6.9982325e-01
   1.2871733e-01   6.9982325e-01
   1.2871733e-01   6.9982325e-01
   1.2871733e-01   6.9982325e-01
   1.2871733e-01   6.9982325e-01
   1.2871733e-01   6.9982325e-01
   1.2871733e-01   6.9982325e-01
   1.2871733e-01   6.9982325e-01
   1.2871733e-01   6.9982325e-01
   1.2871733e-01   6.9982325e-01
   1.2871733e-01   6.9982325e-01
   1.2871733e-01   6.9982325e-01
   1.2871733e-01   6.9982325e-01
   1.2871733e-01   6.9982325e-01
   1.2871733e-01   6.9982325e-01
   1.2871733e-01   6.9982325e-01
   1.2871733e-01   6.9982325e-01
   1.2871733e-01   6.9982325e-01
   1.2871733e-01   6.9982325e-01
   1.2871733e-01   6.9982325e-01
   1.2871733e-01   6.9982325e-01
   1.2871733e-01   6.9982325e-01
   1.2871733e-01   6.9982325e-01
   1.2871733e-01   6.9982325e-01
   1.2871733e-01   6.9982325e-01
   1.2871733e-01   6.9982325e-01
   1.2871733e-01   6.9982325e-01
   1.2871733e-01   6.9982325e-01
   1.2871733e-01   6.9982325e-01
   1.2871733e-01   6.9982325e-01
   1.2871733e-01   6.9982325e-01
   1.2871733e-01   6.9982325e-01
   1.2871733e-01   6.9982325e-01
   1.2871733e-01   6.9982325e-01
   1.2871733e-01   6.9982325e-01
   1.2871733e-01   6.9982325e-01
   1.2871733e-01   6.9982325e-01
   1.2871733e-01   6.9982325e-01
   1.2871733e-01   6.9982325e-01
   1.2871733e-01   6.9982325e-01
   1.2871733e-01   6.9982325e-01
   1.2871733e-01   6.9982325e-01
   1.2871733e-01   6.9982325e-01
   1.2871733e-01   6.9982325e-01
   1.2871733e-01   6.9982325e-01
   1.2871733e-01   6.9982325e-01
   1.2871733e-01   6.9982325e-01
   1.2871733e-01   6.9982325e-01
   1.2871733e-01   6.9982325e-01
   1.2871733e-01   6.9982325e-01
   1.2871733e-01   6.9982325e-01
   1.2871733e-01   6.9982325e-01
   1.2871733e-01   6.9982325e-01
   1.2871733e-01   6.9982325e-01
   1.2871733e-01   6.9982325e-01
   1.2871733e-01   6.9982325e-01
   1.2871733e-01   6.9982325e-01
   1.2871733e-01   6.9982325e-01
   1.2871733e-01   6.9982325e-01
   1.2871733e-01   6.9982325e-01
   1.2871733e-01   6.9982325e-01
   1.2871733e-01   6.9982325e-01
   1.2871733e-01   6.9982325e-01
   1.2871733e-01   6.9982325e-01
   1.2871733e-01   6.9982325e-01
   1.2871733e-01   6.9982325e-01
   1.2871733e-01   6.9982325e-01
   1.2871733e-01   6.9982325e-01
   1.2871733e-01   6.9982325e-01
   1.2871733e-01   6.9982325e-01
   1.2871733e-01   6.9982325e-01
   1.2871733e-01   6.9982325e-01
   1.2871733e-01   6.9982325e-01
   1.2871733e-01   6.9982325e-01
   1.2871733e-01   6.9982325e-01
   1.2871733e-01   6.9982325e-01
   1.2871733e-01   6.9982325e-01
   1.2871733e-01   6.9982325e-01
   1.2871733e-01   6.9982325e-01
   1.2871733e-01   6.9982325e-01
   1.2871733e-01   6.9982325e-01
   1.2871733e-01   6.9982325e-01
   1.2871733e-01   6.9982325e-01
   1.2871733e-01   6.9982325e-01
   1.2871733e-01   6.9982325e-01
   1.2871733e-01   6.9982325e-01
   1.2871733e-01   6.9982325e-01
   1.2871733e-01   6.9982325e-01
   1.2871733e-01   6.9982325e-01
   1.2871733e-01   6.9982325e-01
   1.2871733e-01   6.9982325e-01
   1.2871733e-01   6.9982325e-01
   1.2871733e-01   6.9982325e-01
   1.2871733e-01   6.9982325e-01
   1.2871733e-01   6.9982325e-01
   1.2871733e-01   6.9982325e-01
   1.2871733e-01   6.9982325e-01
   1.2871733e-01   6.9982325e-01
   1.2871733e-01   6.9982325e-01
   1.2871733e-01   6.9982325e-01
   1.2871733e-01   6.9982325e-01
   1.2871733e-01   6.9982325e-01
   1.2871733e-01   6.9982325e-01
   1.2871733e-01   6.9982325e-01
   1.2871733e-01   6.9982325e-01
   1.2871733e-01   6.9982325e-01
   1.2871733e-01   6.9982325e-01
   1.2871733e-01   6.9982325e-01
   1.2871733e-01   6.9982325e-01
   1.2871733e-01   6.9982325e-01
   1.2871733e-01   6.9982325e-01
   1.2871733e-01   6.9982325e-01
   1.2871733e-01   6.9982325e-01
   1.2871733e-01   6.9982325e-01
   1.2871733e-01   6.9982325e-01
   1.2871733e-01   6.9982325e-01
   1.2871733e-01   6.9982325e-01
   1.2871733e-01   6.9982325e-01
   1.2871733e-01   6.9982325e-01
   1.2871733e-01   6.9982325e-01
   1.2871733e-01   6.9982325e-01
   1.2871733e-01   6.9982325e-01
   1.2871733e-01   6.9982325e-01
   1.2871733e-01   6.9982325e-01
   1.2871733e-01   6.9982325e-01
   1.2871733e-01   6.9982325e-01
   1.2871733e-01   6.9982325e-01
   1.2871733e-01   6.9982325e-01
   1.2871733e-01   6.9982325e-01
   1.2871733e-01   6.9982325e-01
   1.2871733e-01   6.9982325e-01
   1.2871733e-01   6.9982325e-01
   1.2871733e-01   6.9982325e-01
   1.2871733e-01   6.9982325e-01
   1.2871733e-01   6.9982325e-01
   1.2871733e-01   6.9982325e-01
   1.2871733e-01   6.9982325e-01
   1.2871733e-01   6.9982325e-01
   1.2871733e-01   6.9982325e-01
   1.2871733e-01   6.9982325e-01
   1.2871733e-01   6.9982325e-01
   1.2871733e-01   6.9982325e-01
   1.2871733e-01   6.9982325e-01
   1.2871733e-01   6.9982325e-01
   1.2871733e-01   6.9982325e-01
   1.2871733e-01   6.9982325e-01
   1.2871733e-01   6.9982325e-01
   1.2871733e-01   6.9982325e-01
   1.2871733e-01   6.9982325e-01
   1.2871733e-01   6.9982325e-01
   1.2871733e-01   6.9982325e-01
   1.2871733e-01   6.9982325e-01
   1.2871733e-01   6.9982325e-01
   1.2871733e-01   6.9982325e-01
   1.2871733e-01   6.9982325e-01
   1.2871733e-01   6.9982325e-01
   1.2871733e-01   6.9982325e-01
   1.2871733e-01   6.9982325e-01
   1.2871733e-01   6.9982325e-01
   1.2871733e-01   6.9982325e-01
   1.2871733e-01   6.9982325e-01
   1.2871733e-01   6.9982325e-01
   1.2871733e-01   6.9982325e-01
   1.2871733e-01   6.9982325e-01
   1.2871733e-01   6.9982325e-01
   1.2871733e-01   6.9982325e-01
   1.2871733e-01   6.9982325e-01
   1.2871733e-01   6.9982325e-01
   1.2871733e-01   6.9982325e-01
   1.2871733e-01   6.9982325e-01
   1.2871733e-01   6.9982325e-01
   1.2871733e-01   6.9982325e-01
   1.2871733e-01   6.9982325e-01
   1.2871733e-01   6.9982325e-01
   1.2871733e-01   6.9982325e-01
   1.2871733e-01   6.9982325e-01
   1.2871733e-01   6.9982325e-01
   1.2871733e-01   6.9982325e-01
   1.2871733e-01   6.9982325e-01
   1.2871733e-01   6.9982325e-01
   1.2871733e-01   6.9982325e-01
   1.2871733e-01   6.9982325e-01
   1.2871733e-01   6.9982325e-01
   1.2871733e-01   6.9982325e-01
   1.2871733e-01   6.9982325e-01
   1.2871733e-01   6.9982325e-01
   1.2871733e-01   6.9982325e-01
   1.2871733e-01   6.9982325e-01
   1.2871733e-01   6.9982325e-01
   1.2871733e-01   6.9982325e-01
   1.2871733e-01   6.9982325e-01
   1.2871733e-01   6.9982325e-01
   1.2871733e-01   6.9982325e-01
   1.2871733e-01   6.9982325e-01
   1.2871733e-01   6.9982325e-01
   1.2871733e-01   6.9982325e-01
   1.2871733e-01   6.9982325e-01
   1.2871733e-01   6.9982325e-01
   1.2871733e-01   6.9982325e-01
   1.2871733e-01   6.9982325e-01
   1.2871733e-01   6.9982325e-01
   1.2871733e-01   6.9982325e-01
   1.2871733e-01   6.9982325e-01
   1.2871733e-01   6.9982325e-01
   1.2871733e-01   6.9982325e-01
   1.2871733e-01   6.9982325e-01
   1.2871733e-01   6.9982325e-01
   1.2871733e-01   6.9982325e-01
   1.2871733e-01   6.9982325e-01
   1.2871733e-01   6.9982325e-01
   1.2871733e-01   6.9982325e-01
   1.2871733e-01   6.9982325e-01
   1.2871733e-01   6.9982325e-01
   1.2871733e-01   6.9982325e-01
   1.2871733e-01   6.9982325e-01
   1.2871733e-01   6.9982325e-01
   1.2871733e-01   6.9982325e-01
   1.2871733e-01   6.9982325e-01
   1.2871733e-01   6.9982325e-01
   1.2871733e-01   6.9982325e-01
   1.2871733e-01   6.9982325e-01
   1.2871733e-01   6.9982325e-01
   1.2871733e-01   6.9982325e-01
   1.2871733e-01   6.9982325e-01
   1.2871733e-01   6.9982325e-01
   1.2871733e-01   6.9982325e-01
   1.2871733e-01   6.9982325e-01
   1.2871733e-01   6.9982325e-01
   1.2871733e-01   6.9982325e-01
   1.2871733e-01   6.9982325e-01
   1.2871733e-01   6.9982325e-01
   1.2871733e-01   6.9982325e-01
   1.2871733e-01   6.9982325e-01
   1.2871733e-01   6.9982325e-01
   1.2871733e-01   6.9982325e-01
   1.2871733e-01   6.9982325e-01
   1.2871733e-01   6.9982325e-01
   1.2871733e-01   6.9982325e-01
   1.2871733e-01   6.9982325e-01
   1.2871733e-01   6.9982325e-01
   1.2871733e-01   6.9982325e-01
   1.2871733e-01   6.9982325e-01
   1.2871733e-01   6.9982325e-01
   1.2871733e-01   6.9982325e-01
   1.2871733e-01   6.9982325e-01
   1.2871733e-01   6.9982325e-01
   1.2871733e-01   6.9982325e-01
   1.2871733e-01   6.9982325e-01
   1.2871733e-01   6.9982325e-01
   1.2871733e-01   6.9982325e-01
   1.2871733e-01   6.9982325e-01
   1.2871733e-01   6.9982325e-01
   1.2871733e-01   6.9982325e-01
   1.2871733e-01   6.9982325e-01
   1.2871733e-01   6.9982325e-01
   1.2871733e-01   6.9982325e-01
   1.2871733e-01   6.9982325e-01
   1.2871733e-01   6.9982325e-01
   1.2871733e-01   6.9982325e-01
   1.2871733e-01   6.9982325e-01
   1.2871733e-01   6.9982325e-01
   1.2871733e-01   6.9982325e-01
   1.2871733e-01   6.9982325e-01
   1.2871733e-01   6.9982325e-01
   1.2871733e-01   6.9982325e-01
   1.2871733e-01   6.9982325e-01
   1.2871733e-01   6.9982325e-01
   1.2871733e-01   6.9982325e-01
   1.2871733e-01   6.9982325e-01
   1.2871733e-01   6.9982325e-01
   1.2871733e-01   6.9982325e-01
   1.2871733e-01   6.9982325e-01
   1.2871733e-01   6.9982325e-01
   1.2871733e-01   6.9982325e-01
   1.2871733e-01   6.9982325e-01
   1.2871733e-01   6.9982325e-01
   1.2871733e-01   6.9982325e-01
   1.2871733e-01   6.9982325e-01
   1.2871733e-01   6.9982325e-01
   1.2871733e-01   6.9982325e-01
   1.2871733e-01   6.9982325e-01
   1.2871733e-01   6.9982325e-01
   1.2871733e-01   6.9982325e-01
   1.2871733e-01   6.9982325e-01
   1.2871733e-01   6.9982325e-01
   1.2871733e-01   6.9982325e-01
   1.2871733e-01   6.9982325e-01
   1.2871733e-01   6.9982325e-01
   1.2871733e-01   6.9982325e-01
   1.2871733e-01   6.9982325e-01
   1.2871733e-01   6.9982325e-01
   1.2871733e-01   6.9982325e-01
   1.2871733e-01   6.9982325e-01
   1.2871733e-01   6.9982325e-01
   1.2871733e-01   6.9982325e-01
   1.2871733e-01   6.9982325e-01
   1.2871733e-01   6.9982325e-01
   1.2871733e-01   6.9982325e-01
   1.2871733e-01   6.9982325e-01
   1.2871733e-01   6.9982325e-01
   1.2871733e-01   6.9982325e-01
   1.2871733e-01   6.9982325e-01
   1.2871733e-01   6.9982325e-01
   1.2871733e-01   6.9982325e-01
   1.2871733e-01   6.9982325e-01
   1.2871733e-01   6.9982325e-01
   1.2871733e-01   6.9982325e-01
   1.2871733e-01   6.9982325e-01
   1.2871733e-01   6.9982325e-01
   1.2871733e-01   6.9982325e-01
   1.2871733e-01   6.9982325e-01
   1.2871733e-01   6.9982325e-01
   1.2871733e-01   6.9982325e-01
   1.2871733e-01   6.9982325e-01
   1.2871733e-01   6.9982325e-01
   1.2871733e-01   6.9982325e-01
   1.2871733e-01   6.9982325e-01
   1.2871733e-01   6.9982325e-01
   1.2871733e-01   6.9982325e-01
   1.2871733e-01   6.9982325e-01
   1.2871733e-01   6.9982325e-01
   1.2871733e-01   6.9982325e-01
   1.2871733e-01   6.9982325e-01
   1.2871733e-01   6.9982325e-01
   1.2871733e-01   6.9982325e-01
   1.2871733e-01   6.9982325e-01
   1.2871733e-01   6.9982325e-01
   1.2871733e-01   6.9982325e-01
   1.2871733e-01   6.9982325e-01
   1.2871733e-01   6.9982325e-01
   1.2871733e-01   6.9982325e-01
   1.2871733e-01   6.9982325e-01
   1.2871733e-01   6.9982325e-01
   1.2871733e-01   6.9982325e-01
   1.2871733e-01   6.9982325e-01
   1.2871733e-01   6.9982325e-01
   1.2871733e-01   6.9982325e-01
   1.2871733e-01   6.9982325e-01
   1.2871733e-01   6.9982325e-01
   1.2871733e-01   6.9982325e-01
   1.2871733e-01   6.9982325e-01
   1.2871733e-01   6.9982325e-01
   1.2871733e-01   6.9982325e-01
   1.2871733e-01   6.9982325e-01
   1.2871733e-01   6.9982325e-01
   1.2871733e-01   6.9982325e-01
   1.2871733e-01   6.9982325e-01
   1.2871733e-01   6.9982325e-01
   1.2871733e-01   6.9982325e-01
   1.2871733e-01   6.9982325e-01
   1.2871733e-01   6.9982325e-01
   1.2871733e-01   6.9982325e-01
   1.2871733e-01   6.9982325e-01
   1.2871733e-01   6.9982325e-01
   1.2871733e-01   6.9982325e-01
   1.2871733e-01   6.9982325e-01
   1.2871733e-01   6.9982325e-01
   1.2871733e-01   6.9982325e-01
   1.2871733e-01   6.9982325e-01
   1.2871733e-01   6.9982325e-01
   1.2871733e-01   6.9982325e-01
   1.2871733e-01   6.9982325e-01
   1.2871733e-01   6.9982325e-01
   1.2871733e-01   6.9982325e-01
   1.2871733e-01   6.9982325e-01
   1.2871733e-01   6.9982325e-01
   1.2871733e-01   6.9982325e-01
   1.2871733e-01   6.9982325e-01
   1.2871733e-01   6.9982325e-01
   1.2871733e-01   6.9982325e-01
   1.2871733e-01   6.9982325e-01
   1.2871733e-01   6.9982325e-01
   1.2871733e-01   6.9982325e-01
   1.2871733e-01   6.9982325e-01
   1.2871733e-01   6.9982325e-01
   1.2871733e-01   6.9982325e-01
   1.2871733e-01   6.9982325e-01
   1.2871733e-01   6.9982325e-01
   1.2871733e-01   6.9982325e-01
   1.2871733e-01   6.9982325e-01
   1.2871733e-01   6.9982325e-01
   1.2871733e-01   6.9982325e-01
   1.2871733e-01   6.9982325e-01
   1.2871733e-01   6.9982325e-01
   1.2871733e-01   6.9982325e-01
   1.2871733e-01   6.9982325e-01
   1.2871733e-01   6.9982325e-01
   1.2871733e-01   6.9982325e-01
   1.2871733e-01   6.9982325e-01
   1.2871733e-01   6.9982325e-01
   1.2871733e-01   6.9982325e-01
   1.2871733e-01   6.9982325e-01
   1.2871733e-01   6.9982325e-01
   1.2871733e-01   6.9982325e-01
   1.2871733e-01   6.9982325e-01
   1.2871733e-01   6.9982325e-01
   1.2871733e-01   6.9982325e-01
   1.2871733e-01   6.9982325e-01
   1.2871733e-01   6.9982325e-01
   1.2871733e-01   6.9982325e-01
   1.2871733e-01   6.9982325e-01
   1.2871733e-01   6.9982325e-01
   1.2871733e-01   6.9982325e-01
   1.2871733e-01   6.9982325e-01
   1.2871733e-01   6.9982325e-01
   1.2871733e-01   6.9982325e-01
   1.2871733e-01   6.9982325e-01
   1.2871733e-01   6.9982325e-01
   1.2871733e-01   6.9982325e-01
   1.2871733e-01   6.9982325e-01
   1.2871733e-01   6.9982325e-01
   1.2871733e-01   6.9982325e-01
   1.2871733e-01   6.9982325e-01
   1.2871733e-01   6.9982325e-01
   1.2871733e-01   6.9982325e-01
   1.2871733e-01   6.9982325e-01
   1.2871733e-01   6.9982325e-01
   1.2871733e-01   6.9982325e-01
   1.2871733e-01   6.9982325e-01
   1.2871733e-01   6.9982325e-01
   1.2871733e-01   6.9982325e-01
   1.2871733e-01   6.9982325e-01
   1.2871733e-01   6.9982325e-01
   1.2871733e-01   6.9982325e-01
   1.2871733e-01   6.9982325e-01
   1.2871733e-01   6.9982325e-01
   1.2871733e-01   6.9982325e-01
   1.2871733e-01   6.9982325e-01
   1.2871733e-01   6.9982325e-01
   1.2871733e-01   6.9982325e-01
   1.2871733e-01   6.9982325e-01
   1.2871733e-01   6.9982325e-01
   1.2871733e-01   6.9982325e-01
   1.2871733e-01   6.9982325e-01
   1.2871733e-01   6.9982325e-01
   1.2871733e-01   6.9982325e-01
   1.2871733e-01   6.9982325e-01
   1.2871733e-01   6.9982325e-01
   1.2871733e-01   6.9982325e-01
   1.2871733e-01   6.9982325e-01
   1.2871733e-01   6.9982325e-01
   1.2871733e-01   6.9982325e-01
   1.2871733e-01   6.9982325e-01
   1.2871733e-01   6.9982325e-01
   1.2871733e-01   6.9982325e-01
   1.2871733e-01   6.9982325e-01
   1.2871733e-01   6.9982325e-01
   1.2871733e-01   6.9982325e-01
   1.2871733e-01   6.9982325e-01
   1.2871733e-01   6.9982325e-01
   1.2871733e-01   6.9982325e-01
   1.2871733e-01   6.9982325e-01
   1.2871733e-01   6.9982325e-01
   1.2871733e-01   6.9982325e-01
   1.2871733e-01   6.9982325e-01
   1.2871733e-01   6.9982325e-01
   1.2871733e-01   6.9982325e-01
   1.2871733e-01   6.9982325e-01
   1.2871733e-01   6.9982325e-01
   1.2871733e-01   6.9982325e-01
   1.2871733e-01   6.9982325e-01
   1.2871733e-01   6.9982325e-01
   1.2871733e-01   6.9982325e-01
   1.2871733e-01   6.9982325e-01
   1.2871733e-01   6.9982325e-01
   1.2871733e-01   6.9982325e-01
   1.2871733e-01   6.9982325e-01
   1.2871733e-01   6.9982325e-01
   1.2871733e-01   6.9982325e-01
   1.2871733e-01   6.9982325e-01
   1.2871733e-01   6.9982325e-01
   1.2871733e-01   6.9982325e-01
   1.2871733e-01   6.9982325e-01
   1.2871733e-01   6.9982325e-01
   1.2871733e-01   6.9982325e-01
   1.2871733e-01   6.9982325e-01
   1.2871733e-01   6.9982325e-01
   1.2871733e-01   6.9982325e-01
   1.2871733e-01   6.9982325e-01
   1.2871733e-01   6.9982325e-01
   1.2871733e-01   6.9982325e-01
   1.2871733e-01   6.9982325e-01
   1.2871733e-01   6.9982325e-01
   1.2871733e-01   6.9982325e-01
   1.2871733e-01   6.9982325e-01
   1.2871733e-01   6.9982325e-01
   1.2871733e-01   6.9982325e-01
   1.2871733e-01   6.9982325e-01
   1.2871733e-01   6.9982325e-01
   1.2871733e-01   6.9982325e-01
   1.2871733e-01   6.9982325e-01
   1.2871733e-01   6.9982325e-01
   1.2871733e-01   6.9982325e-01
   1.2871733e-01   6.9982325e-01
   1.2871733e-01   6.9982325e-01
   1.2871733e-01   6.9982325e-01
   1.2871733e-01   6.9982325e-01
   1.2871733e-01   6.9982325e-01
   1.2871733e-01   6.9982325e-01
   1.2871733e-01   6.9982325e-01
   1.2871733e-01   6.9982325e-01
   1.2871733e-01   6.9982325e-01
   1.2871733e-01   6.9982325e-01
   1.2871733e-01   6.9982325e-01
   1.2871733e-01   6.9982325e-01
   1.2871733e-01   6.9982325e-01
   1.2871733e-01   6.9982325e-01
   1.2871733e-01   6.9982325e-01
   1.2871733e-01   6.9982325e-01
   1.2871733e-01   6.9982325e-01
   1.2871733e-01   6.9982325e-01
   1.2871733e-01   6.9982325e-01
   1.2871733e-01   6.9982325e-01
   1.2871733e-01   6.9982325e-01
   1.2871733e-01   6.9982325e-01
   1.2871733e-01   6.9982325e-01
   1.2871733e-01   6.9982325e-01
   1.2871733e-01   6.9982325e-01
   1.2871733e-01   6.9982325e-01
   1.2871733e-01   6.9982325e-01
   1.2871733e-01   6.9982325e-01
   1.2871733e-01   6.9982325e-01
   1.2871733e-01   6.9982325e-01
   1.2871733e-01   6.9982325e-01
   1.2871733e-01   6.9982325e-01
   1.2871733e-01   6.9982325e-01
   1.2871733e-01   6.9982325e-01
   1.2871733e-01   6.9982325e-01
   1.2871733e-01   6.9982325e-01
   1.2871733e-01   6.9982325e-01
   1.2871733e-01   6.9982325e-01
   1.2871733e-01   6.9982325e-01
   1.2871733e-01   6.9982325e-01
   1.2871733e-01   6.9982325e-01
   1.2871733e-01   6.9982325e-01
   1.2871733e-01   6.9982325e-01
   1.2871733e-01   6.9982325e-01
   1.2871733e-01   6.9982325e-01
   1.2871733e-01   6.9982325e-01
   1.2871733e-01   6.9982325e-01
   1.2871733e-01   6.9982325e-01
   1.2871733e-01   6.9982325e-01
   1.2871733e-01   6.9982325e-01
   1.2871733e-01   6.9982325e-01
   1.2871733e-01   6.9982325e-01
   1.2871733e-01   6.9982325e-01
   1.2871733e-01   6.9982325e-01
   1.2871733e-01   6.9982325e-01
   1.2871733e-01   6.9982325e-01
   1.2871733e-01   6.9982325e-01
   1.2871733e-01   6.9982325e-01
   1.2871733e-01   6.9982325e-01
   1.2871733e-01   6.9982325e-01
   1.2871733e-01   6.9982325e-01
   1.2871733e-01   6.9982325e-01
   1.2871733e-01   6.9982325e-01
   1.2871733e-01   6.9982325e-01
   1.2871733e-01   6.9982325e-01
   1.2871733e-01   6.9982325e-01
   1.2871733e-01   6.9982325e-01
   1.2871733e-01   6.9982325e-01
   1.2871733e-01   6.9982325e-01
   1.2871733e-01   6.9982325e-01
   1.2871733e-01   6.9982325e-01
   1.2871733e-01   6.9982325e-01
   1.2871733e-01   6.9982325e-01
   1.2871733e-01   6.9982325e-01
   1.2871733e-01   6.9982325e-01
   1.2871733e-01   6.9982325e-01
   1.2871733e-01   6.9982325e-01
   1.2871733e-01   6.9982325e-01
   1.2871733e-01   6.9982325e-01
   1.2871733e-01   6.9982325e-01
   1.2871733e-01   6.9982325e-01
   1.2871733e-01   6.9982325e-01
   1.2871733e-01   6.9982325e-01
   1.2871733e-01   6.9982325e-01
   1.2871733e-01   6.9982325e-01
   1.2871733e-01   6.9982325e-01
   1.2871733e-01   6.9982325e-01
   1.2871733e-01   6.9982325e-01
   1.2871733e-01   6.9982325e-01
   1.2871733e-01   6.9982325e-01
   1.2871733e-01   6.9982325e-01
   1.2871733e-01   6.9982325e-01
   1.2871733e-01   6.9982325e-01
   1.2871733e-01   6.9982325e-01
   1.2871733e-01   6.9982325e-01
   1.2871733e-01   6.9982325e-01
   1.2871733e-01   6.9982325e-01
   1.2871733e-01   6.9982325e-01
   1.2871733e-01   6.9982325e-01
   1.2871733e-01   6.9982325e-01
   1.2871733e-01   6.9982325e-01
   1.2871733e-01   6.9982325e-01
   1.2871733e-01   6.9982325e-01
   1.2871733e-01   6.9982325e-01
   1.2871733e-01   6.9982325e-01
   1.2871733e-01   6.9982325e-01
   1.2871733e-01   6.9982325e-01
   1.2871733e-01   6.9982325e-01
   1.2871733e-01   6.9982325e-01
   1.2871733e-01   6.9982325e-01
   1.2871733e-01   6.9982325e-01
   1.2871733e-01   6.9982325e-01
   1.2871733e-01   6.9982325e-01
   1.2871733e-01   6.9982325e-01
   1.2871733e-01   6.9982325e-01
   1.2871733e-01   6.9982325e-01
   1.2871733e-01   6.9982325e-01
   1.2871733e-01   6.9982325e-01
   1.2871733e-01   6.9982325e-01
   1.2871733e-01   6.9982325e-01
   1.2871733e-01   6.9982325e-01
   1.2871733e-01   6.9982325e-01
   1.2871733e-01   6.9982325e-01
   1.2871733e-01   6.9982325e-01
   1.2871733e-01   6.9982325e-01
   1.2871733e-01   6.9982325e-01
   1.2871733e-01   6.9982325e-01
   1.2871733e-01   6.9982325e-01
   1.2871733e-01   6.9982325e-01
   1.2871733e-01   6.9982325e-01
   1.2871733e-01   6.9982325e-01
   1.2871733e-01   6.9982325e-01
   1.2871733e-01   6.9982325e-01
   1.2871733e-01   6.9982325e-01
   1.2871733e-01   6.9982325e-01
   1.2871733e-01   6.9982325e-01
   1.2871733e-01   6.9982325e-01
   1.2871733e-01   6.9982325e-01
   1.2871733e-01   6.9982325e-01
   1.2871733e-01   6.9982325e-01
   1.2871733e-01   6.9982325e-01
   1.2871733e-01   6.9982325e-01
   1.2871733e-01   6.9982325e-01
   1.2871733e-01   6.9982325e-01
   1.2871733e-01   6.9982325e-01
   1.2871733e-01   6.9982325e-01
   1.2871733e-01   6.9982325e-01
   1.2871733e-01   6.9982325e-01
   1.2871733e-01   6.9982325e-01
   1.2871733e-01   6.9982325e-01
   1.2871733e-01   6.9982325e-01
   1.2871733e-01   6.9982325e-01
   1.2871733e-01   6.9982325e-01
   1.2871733e-01   6.9982325e-01
   1.2871733e-01   6.9982325e-01
   1.2871733e-01   6.9982325e-01
   1.2871733e-01   6.9982325e-01
   1.2871733e-01   6.9982325e-01
   1.2871733e-01   6.9982325e-01
   1.2871733e-01   6.9982325e-01
   1.2871733e-01   6.9982325e-01
   1.2871733e-01   6.9982325e-01
   1.2871733e-01   6.9982325e-01
   1.2871733e-01   6.9982325e-01
   1.2871733e-01   6.9982325e-01
   1.2871733e-01   6.9982325e-01
   1.2871733e-01   6.9982325e-01
   1.2871733e-01   6.9982325e-01
   1.2871733e-01   6.9982325e-01
   1.2871733e-01   6.9982325e-01
   1.2871733e-01   6.9982325e-01
   1.2871733e-01   6.9982325e-01
   1.2871733e-01   6.9982325e-01
   1.2871733e-01   6.9982325e-01
   1.2871733e-01   6.9982325e-01
   1.2871733e-01   6.9982325e-01
   1.2871733e-01   6.9982325e-01
   1.2871733e-01   6.9982325e-01
   1.2871733e-01   6.9982325e-01
   1.2871733e-01   6.9982325e-01
   1.2871733e-01   6.9982325e-01
   1.2871733e-01   6.9982325e-01
   1.2871733e-01   6.9982325e-01
   1.2871733e-01   6.9982325e-01
   1.2871733e-01   6.9982325e-01
   1.2871733e-01   6.9982325e-01
   1.2871733e-01   6.9982325e-01
   1.2871733e-01   6.9982325e-01
   1.2871733e-01   6.9982325e-01
   1.2871733e-01   6.9982325e-01
   1.2871733e-01   6.9982325e-01
   1.2871733e-01   6.9982325e-01
   1.2871733e-01   6.9982325e-01
   1.2871733e-01   6.9982325e-01
   1.2871733e-01   6.9982325e-01
   1.2871733e-01   6.9982325e-01
   1.2871733e-01   6.9982325e-01
   1.2871733e-01   6.9982325e-01
   1.2871733e-01   6.9982325e-01
   1.2871733e-01   6.9982325e-01
   1.2871733e-01   6.9982325e-01
   1.2871733e-01   6.9982325e-01
   1.2871733e-01   6.9982325e-01
   1.2871733e-01   6.9982325e-01
   1.2871733e-01   6.9982325e-01
   1.2871733e-01   6.9982325e-01
   1.2871733e-01   6.9982325e-01
   1.2871733e-01   6.9982325e-01
   1.2871733e-01   6.9982325e-01
   1.2871733e-01   6.9982325e-01
   1.2871733e-01   6.9982325e-01
   1.2871733e-01   6.9982325e-01
   1.2871733e-01   6.9982325e-01
   1.2871733e-01   6.9982325e-01
   1.2871733e-01   6.9982325e-01
   1.2871733e-01   6.9982325e-01
   1.2871733e-01   6.9982325e-01
   1.2871733e-01   6.9982325e-01
   1.2871733e-01   6.9982325e-01
   1.2871733e-01   6.9982325e-01
   1.2871733e-01   6.9982325e-01
   1.2871733e-01   6.9982325e-01
   1.2871733e-01   6.9982325e-01
   1.2871733e-01   6.9982325e-01
   1.2871733e-01   6.9982325e-01
   1.2871733e-01   6.9982325e-01
   1.2871733e-01   6.9982325e-01
   1.2871733e-01   6.9982325e-01
   1.2871733e-01   6.9982325e-01
   1.2871733e-01   6.9982325e-01
   1.2871733e-01   6.9982325e-01
   1.2871733e-01   6.9982325e-01
   1.2871733e-01   6.9982325e-01
   1.2871733e-01   6.9982325e-01
   1.2871733e-01   6.9982325e-01
   1.2871733e-01   6.9982325e-01
   1.2871733e-01   6.9982325e-01
   1.2871733e-01   6.9982325e-01
   1.2871733e-01   6.9982325e-01
   1.2871733e-01   6.9982325e-01
   1.2871733e-01   6.9982325e-01
   1.2871733e-01   6.9982325e-01
   1.2871733e-01   6.9982325e-01
   1.2871733e-01   6.9982325e-01
   1.2871733e-01   6.9982325e-01
   1.2871733e-01   6.9982325e-01
   1.2871733e-01   6.9982325e-01
   1.2871733e-01   6.9982325e-01
   1.2871733e-01   6.9982325e-01
   1.2871733e-01   6.9982325e-01
   1.2871733e-01   6.9982325e-01
   1.2871733e-01   6.9982325e-01
   1.2871733e-01   6.9982325e-01
   1.2871733e-01   6.9982325e-01
   1.2871733e-01   6.9982325e-01
   1.2871733e-01   6.9982325e-01
   1.2871733e-01   6.9982325e-01
   1.2871733e-01   6.9982325e-01
   1.2871733e-01   6.9982325e-01
   1.2871733e-01   6.9982325e-01
   1.2871733e-01   6.9982325e-01
   1.2871733e-01   6.9982325e-01
   1.2871733e-01   6.9982325e-01
   1.2871733e-01   6.9982325e-01
   1.2871733e-01   6.9982325e-01
   1.2871733e-01   6.9982325e-01
   1.2871733e-01   6.9982325e-01
   1.2871733e-01   6.9982325e-01
   1.2871733e-01   6.9982325e-01
